   0.0000000000000000      -0.67007556716406214     
   8.3612040133779263E-004 -0.66964807268050386     
   1.6722408026755853E-003 -0.66922106983628993     
   2.5083612040133780E-003 -0.66879455863142034     
   3.3444816053511705E-003 -0.66836853906589511     
   4.1806020066889630E-003 -0.66794301113971433     
   5.0167224080267560E-003 -0.66751797485287789     
   5.8528428093645489E-003 -0.66709343020538570     
   6.6889632107023419E-003 -0.66666937719723796     
   7.5250836120401348E-003 -0.66624581582843467     
   8.3612040133779278E-003 -0.66582274609897563     
   9.1973244147157199E-003 -0.66540016800886104     
   1.0033444816053512E-002 -0.66497808155809068     
   1.0869565217391304E-002 -0.66455648674666479     
   1.1705685618729096E-002 -0.66413538357458324     
   1.2541806020066888E-002 -0.66371477204184604     
   1.3377926421404680E-002 -0.66329465214845329     
   1.4214046822742472E-002 -0.66287502389440467     
   1.5050167224080264E-002 -0.66245588727970062     
   1.5886287625418057E-002 -0.66203724230434091     
   1.6722408026755849E-002 -0.66161908896832555     
   1.7558528428093641E-002 -0.66120142727165465     
   1.8394648829431433E-002 -0.66078425721432787     
   1.9230769230769225E-002 -0.66036757879634567     
   2.0066889632107017E-002 -0.65995139201770769     
   2.0903010033444809E-002 -0.65953569687841418     
   2.1739130434782601E-002 -0.65912049337846501     
   2.2575250836120393E-002 -0.65870578151786019     
   2.3411371237458185E-002 -0.65829156129659971     
   2.4247491638795977E-002 -0.65787783271468370     
   2.5083612040133769E-002 -0.65746459577211203     
   2.5919732441471562E-002 -0.65705185046888459     
   2.6755852842809354E-002 -0.65663959680500161     
   2.7591973244147146E-002 -0.65622783478046298     
   2.8428093645484938E-002 -0.65581656439526870     
   2.9264214046822730E-002 -0.65540578564941887     
   3.0100334448160522E-002 -0.65499549854291328     
   3.0936454849498314E-002 -0.65458570307575203     
   3.1772575250836106E-002 -0.65417639924793536     
   3.2608695652173898E-002 -0.65376758705946292     
   3.3444816053511690E-002 -0.65335926651033482     
   3.4280936454849482E-002 -0.65295143760055108     
   3.5117056856187275E-002 -0.65254410033011168     
   3.5953177257525067E-002 -0.65213725469901673     
   3.6789297658862859E-002 -0.65173090070726614     
   3.7625418060200651E-002 -0.65132503835485978     
   3.8461538461538443E-002 -0.65091966764179798     
   3.9297658862876235E-002 -0.65051478856808043     
   4.0133779264214027E-002 -0.65011040113370733     
   4.0969899665551819E-002 -0.64970650533867857     
   4.1806020066889611E-002 -0.64930310118299406     
   4.2642140468227403E-002 -0.64890018866665400     
   4.3478260869565195E-002 -0.64849776778965829     
   4.4314381270902987E-002 -0.64809583855200703     
   4.5150501672240780E-002 -0.64769440095370001     
   4.5986622073578572E-002 -0.64729345499473734     
   4.6822742474916364E-002 -0.64689300067511912     
   4.7658862876254156E-002 -0.64649303799484525     
   4.8494983277591948E-002 -0.64609356695391584     
   4.9331103678929740E-002 -0.64569458755233067     
   5.0167224080267532E-002 -0.64529609979008984     
   5.1003344481605324E-002 -0.64489810366719336     
   5.1839464882943116E-002 -0.64450059918364133     
   5.2675585284280908E-002 -0.64410358633943365     
   5.3511705685618700E-002 -0.64370706513457032     
   5.4347826086956492E-002 -0.64331103556905134     
   5.5183946488294285E-002 -0.64291549764287681     
   5.6020066889632077E-002 -0.64252045135604652     
   5.6856187290969869E-002 -0.64212589670856068     
   5.7692307692307661E-002 -0.64173183370041909     
   5.8528428093645453E-002 -0.64133826233162194     
   5.9364548494983245E-002 -0.64094518260216926     
   6.0200668896321037E-002 -0.64055259451206081     
   6.1036789297658829E-002 -0.64016049806129682     
   6.1872909698996621E-002 -0.63976889324987707     
   6.2709030100334420E-002 -0.63937778007780177     
   6.3545150501672212E-002 -0.63898715854507082     
   6.4381270903010004E-002 -0.63859702865168433     
   6.5217391304347797E-002 -0.63820739039764196     
   6.6053511705685589E-002 -0.63781824378294416     
   6.6889632107023381E-002 -0.63742958880759071     
   6.7725752508361173E-002 -0.63704142547158160     
   6.8561872909698965E-002 -0.63665375377491684     
   6.9397993311036757E-002 -0.63626657371759632     
   7.0234113712374549E-002 -0.63587988529962036     
   7.1070234113712341E-002 -0.63549368852098864     
   7.1906354515050133E-002 -0.63510798338170138     
   7.2742474916387925E-002 -0.63472276988175846     
   7.3578595317725717E-002 -0.63433804802115978     
   7.4414715719063509E-002 -0.63395381779990556     
   7.5250836120401302E-002 -0.63357007921799580     
   7.6086956521739094E-002 -0.63318683227543027     
   7.6923076923076886E-002 -0.63280407697220908     
   7.7759197324414678E-002 -0.63242181330833236     
   7.8595317725752470E-002 -0.63204004128379998     
   7.9431438127090262E-002 -0.63165876089861195     
   8.0267558528428054E-002 -0.63127797215276837     
   8.1103678929765846E-002 -0.63089767504626892     
   8.1939799331103638E-002 -0.63051786957911404     
   8.2775919732441430E-002 -0.63013855575130351     
   8.3612040133779222E-002 -0.62975973356283732     
   8.4448160535117014E-002 -0.62938140301371548     
   8.5284280936454807E-002 -0.62900356410393798     
   8.6120401337792599E-002 -0.62862621683350484     
   8.6956521739130391E-002 -0.62824936120241615     
   8.7792642140468183E-002 -0.62787299721067180     
   8.8628762541805975E-002 -0.62749712485827180     
   8.9464882943143767E-002 -0.62712174414521604     
   9.0301003344481559E-002 -0.62674685507150474     
   9.1137123745819351E-002 -0.62637245763713789     
   9.1973244147157143E-002 -0.62599855184211539     
   9.2809364548494935E-002 -0.62562513768643702     
   9.3645484949832727E-002 -0.62525221517010321     
   9.4481605351170520E-002 -0.62487978429311386     
   9.5317725752508312E-002 -0.62450784505546875     
   9.6153846153846104E-002 -0.62413639745716798     
   9.6989966555183896E-002 -0.62376544149821156     
   9.7826086956521688E-002 -0.62339497717859960     
   9.8662207357859480E-002 -0.62302500449833198     
   9.9498327759197272E-002 -0.62265552345740871     
  0.10033444816053506      -0.62228653405582979     
  0.10117056856187286      -0.62191803629359521     
  0.10200668896321065      -0.62155003017070498     
  0.10284280936454844      -0.62118251568715921     
  0.10367892976588623      -0.62081549284295778     
  0.10451505016722402      -0.62044896163810070     
  0.10535117056856182      -0.62008292207258786     
  0.10618729096989961      -0.61971737414641959     
  0.10702341137123740      -0.61935231785959555     
  0.10785953177257519      -0.61898775321211597     
  0.10869565217391298      -0.61862368020398062     
  0.10953177257525078      -0.61826009883518973     
  0.11036789297658857      -0.61789700910574319     
  0.11120401337792636      -0.61753441101564110     
  0.11204013377926415      -0.61717230456488326     
  0.11287625418060195      -0.61681068975346975     
  0.11371237458193974      -0.61644956658140071     
  0.11454849498327753      -0.61608893504867601     
  0.11538461538461532      -0.61572879515529566     
  0.11622073578595311      -0.61536914690125966     
  0.11705685618729091      -0.61500999028656800     
  0.11789297658862870      -0.61465132531122080     
  0.11872909698996649      -0.61429315197521783     
  0.11956521739130428      -0.61393547027855933     
  0.12040133779264207      -0.61357828022124528     
  0.12123745819397987      -0.61322158180327535     
  0.12207357859531766      -0.61286537502464988     
  0.12290969899665545      -0.61250965988536887     
  0.12374581939799324      -0.61215443638543221     
  0.12458193979933103      -0.61179970452483978     
  0.12541806020066884      -0.61144546430359181     
  0.12625418060200663      -0.61109171572168819     
  0.12709030100334442      -0.61073845877912902     
  0.12792642140468222      -0.61038569347591409     
  0.12876254180602001      -0.61003341981204351     
  0.12959866220735780      -0.60968163778751738     
  0.13043478260869559      -0.60933034740233560     
  0.13127090301003339      -0.60897954865649817     
  0.13210702341137118      -0.60862924155000508     
  0.13294314381270897      -0.60827942608285646     
  0.13377926421404676      -0.60793010225505206     
  0.13461538461538455      -0.60758127006659213     
  0.13545150501672235      -0.60723292951747654     
  0.13628762541806014      -0.60688508060770519     
  0.13712374581939793      -0.60653772333727840     
  0.13795986622073572      -0.60619085770619585     
  0.13879598662207351      -0.60584448371445776     
  0.13963210702341131      -0.60549860136206390     
  0.14046822742474910      -0.60515321064901451     
  0.14130434782608689      -0.60480831157530945     
  0.14214046822742468      -0.60446390414094886     
  0.14297658862876247      -0.60411998834593250     
  0.14381270903010027      -0.60377656419026060     
  0.14464882943143806      -0.60343363167393294     
  0.14548494983277585      -0.60309119079694973     
  0.14632107023411364      -0.60274924155931087     
  0.14715719063545143      -0.60240778396101635     
  0.14799331103678923      -0.60206681800206618     
  0.14882943143812702      -0.60172634368246036     
  0.14966555183946481      -0.60138636100219900     
  0.15050167224080260      -0.60104686996128198     
  0.15133779264214040      -0.60070787055970931     
  0.15217391304347819      -0.60036936279748099     
  0.15301003344481598      -0.60003134667459701     
  0.15384615384615377      -0.59969382219105749     
  0.15468227424749156      -0.59935678934686221     
  0.15551839464882936      -0.59902024814201127     
  0.15635451505016715      -0.59868419857650479     
  0.15719063545150494      -0.59834864065034277     
  0.15802675585284273      -0.59801357436352498     
  0.15886287625418052      -0.59767899971605165     
  0.15969899665551832      -0.59734491670792256     
  0.16053511705685611      -0.59701132533913781     
  0.16137123745819390      -0.59667822560969752     
  0.16220735785953169      -0.59634561751960169     
  0.16304347826086948      -0.59601350106885009     
  0.16387959866220728      -0.59568187625744284     
  0.16471571906354507      -0.59535074308537994     
  0.16555183946488286      -0.59502010155266150     
  0.16638795986622065      -0.59468995165928740     
  0.16722408026755844      -0.59436029340525776     
  0.16806020066889624      -0.59403112679057224     
  0.16889632107023403      -0.59370245181523118     
  0.16973244147157182      -0.59337426847923458     
  0.17056856187290961      -0.59304657678258232     
  0.17140468227424741      -0.59271937672527431     
  0.17224080267558520      -0.59239266830731074     
  0.17307692307692299      -0.59206645152869153     
  0.17391304347826078      -0.59174072638941677     
  0.17474916387959857      -0.59141549288948636     
  0.17558528428093637      -0.59109075102890019     
  0.17642140468227416      -0.59076650080765836     
  0.17725752508361195      -0.59044274222576110     
  0.17809364548494974      -0.59011947528320807     
  0.17892976588628753      -0.58979669997999939     
  0.17976588628762533      -0.58947441631613506     
  0.18060200668896312      -0.58915262429161519     
  0.18143812709030091      -0.58883132390643966     
  0.18227424749163870      -0.58851051516060848     
  0.18311036789297649      -0.58819019805412165     
  0.18394648829431429      -0.58787037258697905     
  0.18478260869565208      -0.58755103875918102     
  0.18561872909698987      -0.58723219657072734     
  0.18645484949832766      -0.58691384602161800     
  0.18729096989966545      -0.58659598711185290     
  0.18812709030100325      -0.58627861984143226     
  0.18896321070234104      -0.58596174421035596     
  0.18979933110367883      -0.58564536021862412     
  0.19063545150501662      -0.58532946786623663     
  0.19147157190635442      -0.58501406715319348     
  0.19230769230769221      -0.58469915807949457     
  0.19314381270903000      -0.58438474064514012     
  0.19397993311036779      -0.58407081485013002     
  0.19481605351170558      -0.58375738069446437     
  0.19565217391304338      -0.58344443817814295     
  0.19648829431438117      -0.58313198730116589     
  0.19732441471571896      -0.58282002806353328     
  0.19816053511705675      -0.58250856046524513     
  0.19899665551839454      -0.58219758450630121     
  0.19983277591973234      -0.58188710018670153     
  0.20066889632107013      -0.58157710750644642     
  0.20150501672240792      -0.58126760646553566     
  0.20234113712374571      -0.58095859706396924     
  0.20317725752508350      -0.58065007930174706     
  0.20401337792642130      -0.58034205317886933     
  0.20484949832775909      -0.58003451869533607     
  0.20568561872909688      -0.57972747585114703     
  0.20652173913043467      -0.57942092464630246     
  0.20735785953177246      -0.57911486508080212     
  0.20819397993311026      -0.57880929715464624     
  0.20903010033444805      -0.57850422086783482     
  0.20986622073578584      -0.57819963622036763     
  0.21070234113712363      -0.57789554321224490     
  0.21153846153846143      -0.57759194184346629     
  0.21237458193979922      -0.57728883211403226     
  0.21321070234113701      -0.57698621402394257     
  0.21404682274247480      -0.57668408757319733     
  0.21488294314381259      -0.57638245276179634     
  0.21571906354515039      -0.57608130958973969     
  0.21655518394648818      -0.57578065805702738     
  0.21739130434782597      -0.57548049816365954     
  0.21822742474916376      -0.57518082990963604     
  0.21906354515050155      -0.57488165329495677     
  0.21989966555183935      -0.57458296831962208     
  0.22073578595317714      -0.57428477498363162     
  0.22157190635451493      -0.57398707328698562     
  0.22240802675585272      -0.57368986322968396     
  0.22324414715719051      -0.57339314481172654     
  0.22408026755852831      -0.57309691803311358     
  0.22491638795986610      -0.57280118289384496     
  0.22575250836120389      -0.57250593939392080     
  0.22658862876254168      -0.57221118753334088     
  0.22742474916387947      -0.57191692731210531     
  0.22826086956521727      -0.57162315873021419     
  0.22909698996655506      -0.57132988178766753     
  0.22993311036789285      -0.57103709648446510     
  0.23076923076923064      -0.57074480282060702     
  0.23160535117056844      -0.57045300079609329     
  0.23244147157190623      -0.57016169041092402     
  0.23327759197324402      -0.56987087166509909     
  0.23411371237458181      -0.56958054455861851     
  0.23494983277591960      -0.56929070909148216     
  0.23578595317725740      -0.56900136526369038     
  0.23662207357859519      -0.56871251307524284     
  0.23745819397993298      -0.56842415252613976     
  0.23829431438127077      -0.56813628361638102     
  0.23913043478260856      -0.56784890634596652     
  0.23996655518394636      -0.56756202071489648     
  0.24080267558528415      -0.56727562672317089     
  0.24163879598662194      -0.56698972437078954     
  0.24247491638795973      -0.56670431365775253     
  0.24331103678929752      -0.56641939458405999     
  0.24414715719063532      -0.56613496714971179     
  0.24498327759197311      -0.56585103135470793     
  0.24581939799331090      -0.56556758719904843     
  0.24665551839464869      -0.56528463468273338     
  0.24749163879598648      -0.56500217380576256     
  0.24832775919732428      -0.56472020456813621     
  0.24916387959866207      -0.56443872696985420     
  0.24999999999999986      -0.56415774101091654     
  0.25083612040133768      -0.56387724669132311     
  0.25167224080267547      -0.56359724401107425     
  0.25250836120401327      -0.56331773297016963     
  0.25334448160535106      -0.56303871356860946     
  0.25418060200668885      -0.56276018580639364     
  0.25501672240802664      -0.56248214968352206     
  0.25585284280936443      -0.56220460519999504     
  0.25668896321070223      -0.56192755235581227     
  0.25752508361204002      -0.56165099115097383     
  0.25836120401337781      -0.56137492158547986     
  0.25919732441471560      -0.56109934365933012     
  0.26003344481605339      -0.56082425737252495     
  0.26086956521739119      -0.56054966272506401     
  0.26170568561872898      -0.56027555971694742     
  0.26254180602006677      -0.56000194834817518     
  0.26337792642140456      -0.55972882861874740     
  0.26421404682274235      -0.55945620052866396     
  0.26505016722408015      -0.55918406407792487     
  0.26588628762541794      -0.55891241926653001     
  0.26672240802675573      -0.55864126609447962     
  0.26755852842809352      -0.55837060456177368     
  0.26839464882943131      -0.55810043466841208     
  0.26923076923076911      -0.55783075641439483     
  0.27006688963210690      -0.55756156979972193     
  0.27090301003344469      -0.55729287482439327     
  0.27173913043478248      -0.55702467148840906     
  0.27257525083612028      -0.55675695979176931     
  0.27341137123745807      -0.55648973973447380     
  0.27424749163879586      -0.55622301131652263     
  0.27508361204013365      -0.55595677453791592     
