   0.0000000000000000      -0.69841172141149244     
   6.8268659019211485E-004 -0.69879048501193686     
   1.3653731803842297E-003 -0.69916924861238128     
   2.0480597705763446E-003 -0.69954801221282570     
   2.7307463607684594E-003 -0.69992677581327001     
   3.4134329509605743E-003 -0.70030553941371443     
   4.0961195411526891E-003 -0.70068430301415885     
   4.7788061313448040E-003 -0.70106306661460327     
   5.4614927215369188E-003 -0.70144183021504769     
   6.1441793117290337E-003 -0.70182059381549211     
   6.8268659019211485E-003 -0.70219935741593642     
   7.5095524921132634E-003 -0.70257812101638084     
   8.1922390823053783E-003 -0.70295688461682526     
   8.8749256724974940E-003 -0.70333564821726968     
   9.5576122626896097E-003 -0.70371441181771410     
   1.0240298852881725E-002 -0.70409317541815852     
   1.0922985443073841E-002 -0.70447193901860283     
   1.1605672033265957E-002 -0.70485070261904725     
   1.2288358623458073E-002 -0.70522946621949167     
   1.2971045213650188E-002 -0.70560822981993609     
   1.3653731803842304E-002 -0.70598699342038052     
   1.4336418394034420E-002 -0.70636575702082494     
   1.5019104984226535E-002 -0.70674452062126936     
   1.5701791574418651E-002 -0.70712328422171367     
   1.6384478164610767E-002 -0.70750204782215809     
   1.7067164754802883E-002 -0.70788081142260251     
   1.7749851344994998E-002 -0.70825957502304693     
   1.8432537935187114E-002 -0.70863833862349135     
   1.9115224525379230E-002 -0.70901710222393577     
   1.9797911115571346E-002 -0.70939586582438008     
   2.0480597705763461E-002 -0.70977462942482450     
   2.1163284295955577E-002 -0.71015339302526892     
   2.1845970886147693E-002 -0.71053215662571334     
   2.2528657476339808E-002 -0.71091092022615776     
   2.3211344066531924E-002 -0.71128968382660218     
   2.3894030656724040E-002 -0.71166844742704660     
   2.4576717246916156E-002 -0.71204721102749091     
   2.5259403837108271E-002 -0.71242597462793533     
   2.5942090427300387E-002 -0.71280473822837975     
   2.6624777017492503E-002 -0.71318350182882417     
   2.7307463607684618E-002 -0.71356226542926859     
   2.7990150197876734E-002 -0.71394102902971301     
   2.8672836788068850E-002 -0.71431979263015732     
   2.9355523378260966E-002 -0.71469855623060174     
   3.0038209968453081E-002 -0.71507731983104617     
   3.0720896558645197E-002 -0.71545608343149059     
   3.1403583148837309E-002 -0.71583484703193501     
   3.2086269739029422E-002 -0.71621361063237943     
   3.2768956329221534E-002 -0.71659237423282374     
   3.3451642919413646E-002 -0.71697113783326816     
   3.4134329509605758E-002 -0.71734990143371258     
   3.4817016099797871E-002 -0.71772866503415700     
   3.5499702689989983E-002 -0.71810742863460142     
   3.6182389280182095E-002 -0.71848619223504584     
   3.6865075870374207E-002 -0.71886495583549015     
   3.7547762460566320E-002 -0.71924371943593457     
   3.8230449050758432E-002 -0.71962248303637899     
   3.8913135640950544E-002 -0.72000124663682341     
   3.9595822231142656E-002 -0.72038001023726783     
   4.0278508821334769E-002 -0.72075877383771225     
   4.0961195411526881E-002 -0.72113753743815656     
   4.1643882001718993E-002 -0.72151630103860098     
   4.2326568591911105E-002 -0.72189506463904540     
   4.3009255182103218E-002 -0.72227382823948982     
   4.3691941772295330E-002 -0.72265259183993424     
   4.4374628362487442E-002 -0.72303135544037866     
   4.5057314952679554E-002 -0.72341011904082297     
   4.5740001542871667E-002 -0.72378888264126739     
   4.6422688133063779E-002 -0.72416764624171182     
   4.7105374723255891E-002 -0.72454640984215624     
   4.7788061313448003E-002 -0.72492517344260066     
   4.8470747903640116E-002 -0.72530393704304508     
   4.9153434493832228E-002 -0.72568270064348939     
   4.9836121084024340E-002 -0.72606146424393381     
   5.0518807674216452E-002 -0.72644022784437823     
   5.1201494264408565E-002 -0.72681899144482265     
   5.1884180854600677E-002 -0.72719775504526707     
   5.2566867444792789E-002 -0.72757651864571149     
   5.3249554034984901E-002 -0.72795528224615580     
   5.3932240625177014E-002 -0.72833404584660022     
   5.4614927215369126E-002 -0.72871280944704464     
   5.5297613805561238E-002 -0.72909157304748906     
   5.5980300395753350E-002 -0.72947033664793348     
   5.6662986985945463E-002 -0.72984910024837779     
   5.7345673576137575E-002 -0.73022786384882221     
   5.8028360166329687E-002 -0.73060662744926663     
   5.8711046756521799E-002 -0.73098539104971105     
   5.9393733346713912E-002 -0.73136415465015547     
   6.0076419936906024E-002 -0.73174291825059989     
   6.0759106527098136E-002 -0.73212168185104420     
   6.1441793117290248E-002 -0.73250044545148862     
   6.2124479707482361E-002 -0.73287920905193304     
   6.2807166297674480E-002 -0.73325797265237747     
   6.3489852887866599E-002 -0.73363673625282189     
   6.4172539478058718E-002 -0.73401549985326631     
   6.4855226068250837E-002 -0.73439426345371073     
   6.5537912658442957E-002 -0.73477302705415504     
   6.6220599248635076E-002 -0.73515179065459946     
   6.6903285838827195E-002 -0.73553055425504388     
   6.7585972429019314E-002 -0.73590931785548830     
   6.8268659019211433E-002 -0.73628808145593272     
   6.8951345609403553E-002 -0.73666684505637714     
   6.9634032199595672E-002 -0.73704560865682156     
   7.0316718789787791E-002 -0.73742437225726598     
   7.0999405379979910E-002 -0.73780313585771029     
   7.1682091970172029E-002 -0.73818189945815471     
   7.2364778560364149E-002 -0.73856066305859913     
   7.3047465150556268E-002 -0.73893942665904355     
   7.3730151740748387E-002 -0.73931819025948797     
   7.4412838330940506E-002 -0.73969695385993239     
   7.5095524921132625E-002 -0.74007571746037670     
   7.5778211511324745E-002 -0.74045448106082112     
   7.6460898101516864E-002 -0.74083324466126554     
   7.7143584691708983E-002 -0.74121200826170996     
   7.7826271281901102E-002 -0.74159077186215439     
   7.8508957872093221E-002 -0.74196953546259881     
   7.9191644462285340E-002 -0.74234829906304323     
   7.9874331052477460E-002 -0.74272706266348765     
   8.0557017642669579E-002 -0.74310582626393196     
   8.1239704232861698E-002 -0.74348458986437638     
   8.1922390823053817E-002 -0.74386335346482080     
   8.2605077413245936E-002 -0.74424211706526522     
   8.3287764003438056E-002 -0.74462088066570964     
   8.3970450593630175E-002 -0.74499964426615406     
   8.4653137183822294E-002 -0.74537840786659848     
   8.5335823774014413E-002 -0.74575717146704279     
   8.6018510364206532E-002 -0.74613593506748721     
   8.6701196954398652E-002 -0.74651469866793163     
   8.7383883544590771E-002 -0.74689346226837605     
   8.8066570134782890E-002 -0.74727222586882047     
   8.8749256724975009E-002 -0.74765098946926489     
   8.9431943315167128E-002 -0.74802975306970931     
   9.0114629905359248E-002 -0.74840851667015373     
   9.0797316495551367E-002 -0.74878728027059804     
   9.1480003085743486E-002 -0.74916604387104246     
   9.2162689675935605E-002 -0.74954480747148688     
   9.2845376266127724E-002 -0.74992357107193131     
   9.3528062856319844E-002 -0.75030233467237573     
   9.4210749446511963E-002 -0.75068109827282015     
   9.4893436036704082E-002 -0.75105986187326457     
   9.5576122626896201E-002 -0.75143862547370888     
   9.6258809217088320E-002 -0.75181738907415330     
   9.6941495807280439E-002 -0.75219615267459772     
   9.7624182397472559E-002 -0.75257491627504214     
   9.8306868987664678E-002 -0.75295367987548656     
   9.8989555577856797E-002 -0.75333244347593098     
   9.9672242168048916E-002 -0.75371120707637540     
  0.10035492875824104      -0.75408997067681971     
  0.10103761534843315      -0.75446873427726413     
  0.10172030193862527      -0.75484749787770855     
  0.10240298852881739      -0.75522626147815297     
  0.10308567511900951      -0.75560502507859739     
  0.10376836170920163      -0.75598378867904181     
  0.10445104829939375      -0.75636255227948623     
  0.10513373488958587      -0.75674131587993054     
  0.10581642147977799      -0.75712007948037496     
  0.10649910806997011      -0.75749884308081938     
  0.10718179466016223      -0.75787760668126380     
  0.10786448125035435      -0.75825637028170823     
  0.10854716784054647      -0.75863513388215265     
  0.10922985443073858      -0.75901389748259707     
  0.10991254102093070      -0.75939266108304149     
  0.11059522761112282      -0.75977142468348580     
  0.11127791420131494      -0.76015018828393022     
  0.11196060079150706      -0.76052895188437464     
  0.11264328738169918      -0.76090771548481906     
  0.11332597397189130      -0.76128647908526348     
  0.11400866056208342      -0.76166524268570790     
  0.11469134715227554      -0.76204400628615232     
  0.11537403374246766      -0.76242276988659663     
  0.11605672033265978      -0.76280153348704105     
  0.11673940692285190      -0.76318029708748547     
  0.11742209351304402      -0.76355906068792989     
  0.11810478010323613      -0.76393782428837431     
  0.11878746669342825      -0.76431658788881873     
  0.11947015328362037      -0.76469535148926315     
  0.12015283987381249      -0.76507411508970757     
  0.12083552646400461      -0.76545287869015188     
  0.12151821305419673      -0.76583164229059630     
  0.12220089964438885      -0.76621040589104072     
  0.12288358623458097      -0.76658916949148515     
  0.12356627282477309      -0.76696793309192957     
  0.12424895941496521      -0.76734669669237399     
  0.12493164600515733      -0.76772546029281830     
  0.12561433259534943      -0.76810422389326272     
  0.12629701918554154      -0.76848298749370714     
  0.12697970577573364      -0.76886175109415156     
  0.12766239236592575      -0.76924051469459598     
  0.12834507895611785      -0.76961927829504040     
  0.12902776554630996      -0.76999804189548471     
  0.12971045213650206      -0.77037680549592913     
  0.13039313872669417      -0.77075556909637355     
  0.13107582531688627      -0.77113433269681797     
  0.13175851190707838      -0.77151309629726228     
  0.13244119849727048      -0.77189185989770670     
  0.13312388508746259      -0.77227062349815112     
  0.13380657167765470      -0.77264938709859554     
  0.13448925826784680      -0.77302815069903996     
  0.13517194485803891      -0.77340691429948427     
  0.13585463144823101      -0.77378567789992869     
  0.13653731803842312      -0.77416444150037311     
  0.13722000462861522      -0.77454320510081753     
  0.13790269121880733      -0.77492196870126195     
  0.13858537780899943      -0.77530073230170626     
  0.13926806439919154      -0.77567949590215068     
  0.13995075098938364      -0.77605825950259510     
  0.14063343757957575      -0.77643702310303953     
  0.14131612416976785      -0.77681578670348395     
  0.14199881075995996      -0.77719455030392826     
  0.14268149735015206      -0.77757331390437268     
  0.14336418394034417      -0.77795207750481710     
  0.14404687053053628      -0.77833084110526152     
  0.14472955712072838      -0.77870960470570583     
  0.14541224371092049      -0.77908836830615025     
  0.14609493030111259      -0.77946713190659467     
  0.14677761689130470      -0.77984589550703909     
  0.14746030348149680      -0.78022465910748351     
  0.14814299007168891      -0.78060342270792793     
  0.14882567666188101      -0.78098218630837224     
  0.14950836325207312      -0.78136094990881666     
  0.15019104984226522      -0.78173971350926108     
  0.15087373643245733      -0.78211847710970550     
  0.15155642302264943      -0.78249724071014981     
  0.15223910961284154      -0.78287600431059423     
  0.15292179620303364      -0.78325476791103865     
  0.15360448279322575      -0.78363353151148307     
  0.15428716938341785      -0.78401229511192749     
  0.15496985597360996      -0.78439105871237191     
  0.15565254256380207      -0.78476982231281622     
  0.15633522915399417      -0.78514858591326064     
  0.15701791574418628      -0.78552734951370506     
  0.15770060233437838      -0.78590611311414948     
  0.15838328892457049      -0.78628487671459379     
  0.15906597551476259      -0.78666364031503822     
  0.15974866210495470      -0.78704240391548264     
  0.16043134869514680      -0.78742116751592706     
  0.16111403528533891      -0.78779993111637148     
  0.16179672187553101      -0.78817869471681579     
  0.16247940846572312      -0.78855745831726021     
  0.16316209505591522      -0.78893622191770463     
  0.16384478164610733      -0.78931498551814905     
  0.16452746823629943      -0.78969374911859336     
  0.16521015482649154      -0.79007251271903778     
  0.16589284141668365      -0.79045127631948220     
  0.16657552800687575      -0.79083003991992662     
  0.16725821459706786      -0.79120880352037104     
  0.16794090118725996      -0.79158756712081546     
  0.16862358777745207      -0.79196633072125977     
  0.16930627436764417      -0.79234509432170419     
  0.16998896095783628      -0.79272385792214861     
  0.17067164754802838      -0.79310262152259303     
  0.17135433413822049      -0.79348138512303734     
  0.17203702072841259      -0.79386014872348176     
  0.17271970731860470      -0.79423891232392618     
  0.17340239390879680      -0.79461767592437060     
  0.17408508049898891      -0.79499643952481502     
  0.17476776708918101      -0.79537520312525944     
  0.17545045367937312      -0.79575396672570375     
  0.17613314026956522      -0.79613273032614817     
  0.17681582685975733      -0.79651149392659260     
  0.17749851344994944      -0.79689025752703702     
  0.17818120004014154      -0.79726902112748133     
  0.17886388663033365      -0.79764778472792575     
  0.17954657322052575      -0.79802654832837017     
  0.18022925981071786      -0.79840531192881459     
  0.18091194640090996      -0.79878407552925901     
  0.18159463299110207      -0.79916283912970332     
  0.18227731958129417      -0.79954160273014774     
  0.18296000617148628      -0.79992036633059216     
  0.18364269276167838      -0.80029912993103658     
  0.18432537935187049      -0.80067789353148100     
  0.18500806594206259      -0.80105665713192531     
  0.18569075253225470      -0.80143542073236973     
  0.18637343912244680      -0.80181418433281415     
  0.18705612571263891      -0.80219294793325857     
  0.18773881230283102      -0.80257171153370299     
  0.18842149889302312      -0.80295047513414730     
  0.18910418548321523      -0.80332923873459172     
  0.18978687207340733      -0.80370800233503614     
  0.19046955866359944      -0.80408676593548056     
  0.19115224525379154      -0.80446552953592487     
  0.19183493184398365      -0.80484429313636929     
  0.19251761843417575      -0.80522305673681371     
  0.19320030502436786      -0.80560182033725813     
  0.19388299161455996      -0.80598058393770255     
  0.19456567820475207      -0.80635934753814698     
  0.19524836479494417      -0.80673811113859129     
  0.19593105138513628      -0.80711687473903571     
  0.19661373797532838      -0.80749563833948013     
  0.19729642456552049      -0.80787440193992455     
  0.19797911115571259      -0.80825316554036886     
  0.19866179774590470      -0.80863192914081328     
  0.19934448433609681      -0.80901069274125770     
  0.20002717092628891      -0.80938945634170212     
  0.20070985751648102      -0.80976821994214654     
  0.20139254410667312      -0.81014698354259085     
  0.20207523069686523      -0.81052574714303527     
  0.20275791728705733      -0.81090451074347969     
  0.20344060387724944      -0.81128327434392411     
  0.20412329046744154      -0.81166203794436853     
  0.20480597705763365      -0.81204080154481284     
  0.20548866364782575      -0.81241956514525726     
  0.20617135023801786      -0.81279832874570168     
  0.20685403682820996      -0.81317709234614610     
  0.20753672341840207      -0.81355585594659052     
  0.20821941000859417      -0.81393461954703483     
  0.20890209659878628      -0.81431338314747925     
  0.20958478318897839      -0.81469214674792367     
  0.21026746977917049      -0.81507091034836809     
  0.21095015636936260      -0.81544967394881240     
  0.21163284295955470      -0.81582843754925682     
  0.21231552954974681      -0.81620720114970124     
  0.21299821613993891      -0.81658596475014567     
  0.21368090273013102      -0.81696472835059009     
  0.21436358932032312      -0.81734349195103451     
  0.21504627591051523      -0.81772225555147882     
  0.21572896250070733      -0.81810101915192324     
  0.21641164909089944      -0.81847978275236766     
  0.21709433568109154      -0.81885854635281208     
  0.21777702227128365      -0.81923730995325639     
  0.21845970886147575      -0.81961607355370081     
  0.21914239545166786      -0.81999483715414523     
  0.21982508204185996      -0.82037360075458965     
  0.22050776863205207      -0.82075236435503407     
  0.22119045522224418      -0.82113112795547838     
  0.22187314181243628      -0.82150989155592280     
  0.22255582840262839      -0.82188865515636722     
  0.22323851499282049      -0.82226741875681164     
  0.22392120158301260      -0.82264618235725606     
  0.22460388817320470      -0.82302494595770037     
