   0.0000000000000000      -0.66830180937984096     
   4.8330659036866630E-004 -0.66807171755497519     
   9.6661318073733261E-004 -0.66784172481281279     
   1.4499197711059990E-003 -0.66761183115335332     
   1.9332263614746652E-003 -0.66738203657659734     
   2.4165329518433315E-003 -0.66715234108254429     
   2.8998395422119979E-003 -0.66692274467119461     
   3.3831461325806644E-003 -0.66669324734254798     
   3.8664527229493309E-003 -0.66646384909660450     
   4.3497593133179973E-003 -0.66623454993336440     
   4.8330659036866638E-003 -0.66600534985282733     
   5.3163724940553303E-003 -0.66577624885499365     
   5.7996790844239967E-003 -0.66554724693986289     
   6.2829856747926632E-003 -0.66531834410743551     
   6.7662922651613297E-003 -0.66508954035771128     
   7.2495988555299961E-003 -0.66486083569069010     
   7.7329054458986626E-003 -0.66463223010637229     
   8.2162120362673282E-003 -0.66440372360475763     
   8.6995186266359947E-003 -0.66417531618584613     
   9.1828252170046611E-003 -0.66394700784963778     
   9.6661318073733276E-003 -0.66371879859613281     
   1.0149438397741994E-002 -0.66349068842533077     
   1.0632744988110661E-002 -0.66326267733723199     
   1.1116051578479327E-002 -0.66303476533183658     
   1.1599358168847993E-002 -0.66280695240914411     
   1.2082664759216660E-002 -0.66257923856915502     
   1.2565971349585326E-002 -0.66235162381186896     
   1.3049277939953993E-002 -0.66212410813728628     
   1.3532584530322659E-002 -0.66189669154540665     
   1.4015891120691326E-002 -0.66166937403623016     
   1.4499197711059992E-002 -0.66144215560975705     
   1.4982504301428659E-002 -0.66121503626598688     
   1.5465810891797325E-002 -0.66098801600492019     
   1.5949117482165990E-002 -0.66076109482655643     
   1.6432424072534656E-002 -0.66053427273089604     
   1.6915730662903323E-002 -0.66030754971793870     
   1.7399037253271989E-002 -0.66008092578768462     
   1.7882343843640656E-002 -0.65985440094013370     
   1.8365650434009322E-002 -0.65962797517528604     
   1.8848957024377989E-002 -0.65940164849314153     
   1.9332263614746655E-002 -0.65917542089370018     
   1.9815570205115322E-002 -0.65894929237696209     
   2.0298876795483988E-002 -0.65872326294292705     
   2.0782183385852655E-002 -0.65849733259159526     
   2.1265489976221321E-002 -0.65827150132296675     
   2.1748796566589988E-002 -0.65804576913704138     
   2.2232103156958654E-002 -0.65782013603381917     
   2.2715409747327320E-002 -0.65759460201330011     
   2.3198716337695987E-002 -0.65736916707548432     
   2.3682022928064653E-002 -0.65714383122037168     
   2.4165329518433320E-002 -0.65691859444796219     
   2.4648636108801986E-002 -0.65669345675825608     
   2.5131942699170653E-002 -0.65646841815125290     
   2.5615249289539319E-002 -0.65624347862695309     
   2.6098555879907986E-002 -0.65601863818535644     
   2.6581862470276652E-002 -0.65579389682646283     
   2.7065169060645319E-002 -0.65556925455027260     
   2.7548475651013985E-002 -0.65534471135678540     
   2.8031782241382652E-002 -0.65512026724600159     
   2.8515088831751318E-002 -0.65489592221792081     
   2.8998395422119985E-002 -0.65467167627254330     
   2.9481702012488651E-002 -0.65444752940986894     
   2.9965008602857317E-002 -0.65422348162989774     
   3.0448315193225984E-002 -0.65399953293262980     
   3.0931621783594650E-002 -0.65377568331806490     
   3.1414928373963313E-002 -0.65355193278620338     
   3.1898234964331980E-002 -0.65332828133704501     
   3.2381541554700646E-002 -0.65310472897058980     
   3.2864848145069313E-002 -0.65288127568683774     
   3.3348154735437979E-002 -0.65265792148578883     
   3.3831461325806646E-002 -0.65243466636744318     
   3.4314767916175312E-002 -0.65221151033180069     
   3.4798074506543979E-002 -0.65198845337886147     
   3.5281381096912645E-002 -0.65176549550862539     
   3.5764687687281312E-002 -0.65154263672109258     
   3.6247994277649978E-002 -0.65131987701626282     
   3.6731300868018645E-002 -0.65109721639413620     
   3.7214607458387311E-002 -0.65087465485471296     
   3.7697914048755977E-002 -0.65065219239799277     
   3.8181220639124644E-002 -0.65042982902397584     
   3.8664527229493310E-002 -0.65020756473266206     
   3.9147833819861977E-002 -0.64998539952405154     
   3.9631140410230643E-002 -0.64976333339814407     
   4.0114447000599310E-002 -0.64954136635493986     
   4.0597753590967976E-002 -0.64931949839443892     
   4.1081060181336643E-002 -0.64909772951664113     
   4.1564366771705309E-002 -0.64887605972154649     
   4.2047673362073976E-002 -0.64865448900915501     
   4.2530979952442642E-002 -0.64843301737946679     
   4.3014286542811309E-002 -0.64821164483248173     
   4.3497593133179975E-002 -0.64799037136819981     
   4.3980899723548642E-002 -0.64776919698662117     
   4.4464206313917308E-002 -0.64754812168774567     
   4.4947512904285974E-002 -0.64732714547157344     
   4.5430819494654641E-002 -0.64710626833810425     
   4.5914126085023307E-002 -0.64688549028733844     
   4.6397432675391974E-002 -0.64666481131927567     
   4.6880739265760640E-002 -0.64644423143391605     
   4.7364045856129307E-002 -0.64622375063125970     
   4.7847352446497973E-002 -0.64600336891130650     
   4.8330659036866640E-002 -0.64578308627405656     
   4.8813965627235306E-002 -0.64556290271950978     
   4.9297272217603973E-002 -0.64534281824766626     
   4.9780578807972639E-002 -0.64512283285852579     
   5.0263885398341306E-002 -0.64490294655208846     
   5.0747191988709972E-002 -0.64468315932835452     
   5.1230498579078639E-002 -0.64446347118732361     
   5.1713805169447305E-002 -0.64424388212899608     
   5.2197111759815971E-002 -0.64402439215337148     
   5.2680418350184638E-002 -0.64380500126045037     
   5.3163724940553304E-002 -0.64358570945023219     
   5.3647031530921971E-002 -0.64336651672271727     
   5.4130338121290637E-002 -0.64314742307790562     
   5.4613644711659304E-002 -0.64292842851579701     
   5.5096951302027970E-002 -0.64270953303639178     
   5.5580257892396637E-002 -0.64249073663968959     
   5.6063564482765303E-002 -0.64227203932569066     
   5.6546871073133970E-002 -0.64205344109439488     
   5.7030177663502636E-002 -0.64183494194580226     
   5.7513484253871303E-002 -0.64161654187991290     
   5.7996790844239969E-002 -0.64139824089672670     
   5.8480097434608636E-002 -0.64118003899624376     
   5.8963404024977302E-002 -0.64096193617846386     
   5.9446710615345968E-002 -0.64074393244338723     
   5.9930017205714635E-002 -0.64052602779101386     
   6.0413323796083301E-002 -0.64030822222134354     
   6.0896630386451968E-002 -0.64009051573437659     
   6.1379936976820634E-002 -0.63987290833011268     
   6.1863243567189301E-002 -0.63965540000855203     
   6.2346550157557967E-002 -0.63943799076969443     
   6.2829856747926627E-002 -0.63922068061354020     
   6.3313163338295286E-002 -0.63900346954008902     
   6.3796469928663946E-002 -0.63878635754934110     
   6.4279776519032605E-002 -0.63856934464129644     
   6.4763083109401265E-002 -0.63835243081595483     
   6.5246389699769924E-002 -0.63813561607331659     
   6.5729696290138584E-002 -0.63791890041338128     
   6.6213002880507243E-002 -0.63770228383614946     
   6.6696309470875903E-002 -0.63748576634162057     
   6.7179616061244563E-002 -0.63726934792979506     
   6.7662922651613222E-002 -0.63705302860067259     
   6.8146229241981882E-002 -0.63683680835425327     
   6.8629535832350541E-002 -0.63662068719053733     
   6.9112842422719201E-002 -0.63640466510952443     
   6.9596149013087860E-002 -0.63618874211121490     
   7.0079455603456520E-002 -0.63597291819560831     
   7.0562762193825179E-002 -0.63575719336270509     
   7.1046068784193839E-002 -0.63554156761250502     
   7.1529375374562498E-002 -0.63532604094500822     
   7.2012681964931158E-002 -0.63511061336021446     
   7.2495988555299817E-002 -0.63489528485812396     
   7.2979295145668477E-002 -0.63468005543873662     
   7.3462601736037136E-002 -0.63446492510205255     
   7.3945908326405796E-002 -0.63424989384807151     
   7.4429214916774455E-002 -0.63403496167679374     
   7.4912521507143115E-002 -0.63382012858821923     
   7.5395828097511775E-002 -0.63360539458234777     
   7.5879134687880434E-002 -0.63339075965917957     
   7.6362441278249094E-002 -0.63317622381871452     
   7.6845747868617753E-002 -0.63296178706095285     
   7.7329054458986413E-002 -0.63274744938589411     
   7.7812361049355072E-002 -0.63253321079353875     
   7.8295667639723732E-002 -0.63231907128388642     
   7.8778974230092391E-002 -0.63210503085693748     
   7.9262280820461051E-002 -0.63189108951269157     
   7.9745587410829710E-002 -0.63167724725114893     
   8.0228894001198370E-002 -0.63146350407230945     
   8.0712200591567029E-002 -0.63124985997617300     
   8.1195507181935689E-002 -0.63103631496274004     
   8.1678813772304348E-002 -0.63082286903201001     
   8.2162120362673008E-002 -0.63060952218398336     
   8.2645426953041667E-002 -0.63039627441865975     
   8.3128733543410327E-002 -0.63018312573603952     
   8.3612040133778986E-002 -0.62997007613612221     
   8.4095346724147646E-002 -0.62975712561890829     
   8.4578653314516306E-002 -0.62954427418439751     
   8.5061959904884965E-002 -0.62933152183258989     
   8.5545266495253625E-002 -0.62911886856348553     
   8.6028573085622284E-002 -0.62890631437708422     
   8.6511879675990944E-002 -0.62869385927338628     
   8.6995186266359603E-002 -0.62848150325239138     
   8.7478492856728263E-002 -0.62826924631409975     
   8.7961799447096922E-002 -0.62805708845851127     
   8.8445106037465582E-002 -0.62784502968562605     
   8.8928412627834241E-002 -0.62763306999544388     
   8.9411719218202901E-002 -0.62742120938796508     
   8.9895025808571560E-002 -0.62720944786318933     
   9.0378332398940220E-002 -0.62699778542111684     
   9.0861638989308879E-002 -0.62678622206174750     
   9.1344945579677539E-002 -0.62657475778508132     
   9.1828252170046198E-002 -0.62636339259111840     
   9.2311558760414858E-002 -0.62615212647985863     
   9.2794865350783517E-002 -0.62594095945130213     
   9.3278171941152177E-002 -0.62572989150544867     
   9.3761478531520837E-002 -0.62551892264229858     
   9.4244785121889496E-002 -0.62530805286185154     
   9.4728091712258156E-002 -0.62509728216410776     
   9.5211398302626815E-002 -0.62488661054906702     
   9.5694704892995475E-002 -0.62467603801672955     
   9.6178011483364134E-002 -0.62446556456709545     
   9.6661318073732794E-002 -0.62425519020016429     
   9.7144624664101453E-002 -0.62404491491593650     
   9.7627931254470113E-002 -0.62383473871441175     
   9.8111237844838772E-002 -0.62362466159559038     
   9.8594544435207432E-002 -0.62341468355947194     
   9.9077851025576091E-002 -0.62320480460605698     
   9.9561157615944751E-002 -0.62299502473534496     
  0.10004446420631341      -0.62278534394733631     
  0.10052777079668207      -0.62257576224203071     
  0.10101107738705073      -0.62236627961942836     
  0.10149438397741939      -0.62215689607952918     
  0.10197769056778805      -0.62194761162233314     
  0.10246099715815671      -0.62173842624784048     
  0.10294430374852537      -0.62152933995605075     
  0.10342761033889403      -0.62132035274696440     
  0.10391091692926269      -0.62111146462058120     
  0.10439422351963135      -0.62090267557690126     
  0.10487753011000001      -0.62069398561592437     
  0.10536083670036867      -0.62048539473765074     
  0.10584414329073732      -0.62027690294208027     
  0.10632744988110598      -0.62006851022921305     
  0.10681075647147464      -0.61986021659904889     
  0.10729406306184330      -0.61965202205158809     
  0.10777736965221196      -0.61944392658683023     
  0.10826067624258062      -0.61923593020477574     
  0.10874398283294928      -0.61902803290542441     
  0.10922728942331794      -0.61882023468877623     
  0.10971059601368660      -0.61861253555483142     
  0.11019390260405526      -0.61840493550358955     
  0.11067720919442392      -0.61819743453505105     
  0.11116051578479258      -0.61799003264921559     
  0.11164382237516124      -0.61778272984608351     
  0.11212712896552990      -0.61757552612565447     
  0.11261043555589856      -0.61736842148792859     
  0.11309374214626722      -0.61716141593290597     
  0.11357704873663588      -0.61695450946058650     
  0.11406035532700454      -0.61674770207097029     
  0.11454366191737320      -0.61654099376405724     
  0.11502696850774186      -0.61633438453984746     
  0.11551027509811052      -0.61612787439834071     
  0.11599358168847917      -0.61592146333953723     
  0.11647688827884783      -0.61571515136343691     
  0.11696019486921649      -0.61550893847003985     
  0.11744350145958515      -0.61530282465934594     
  0.11792680804995381      -0.61509680993135518     
  0.11841011464032247      -0.61489089428606769     
  0.11889342123069113      -0.61468507772348324     
  0.11937672782105979      -0.61447936024360217     
  0.11986003441142845      -0.61427374184642414     
  0.12034334100179711      -0.61406822253194937     
  0.12082664759216577      -0.61386280230017776     
  0.12130995418253443      -0.61365748115110941     
  0.12179326077290309      -0.61345225908474410     
  0.12227656736327175      -0.61324713610108217     
  0.12275987395364041      -0.61304211220012328     
  0.12324318054400907      -0.61283718738186765     
  0.12372648713437773      -0.61263236164631518     
  0.12420979372474639      -0.61242763499346586     
  0.12469310031511505      -0.61222300742331981     
  0.12517640690548371      -0.61201847893587691     
  0.12565971349585237      -0.61181404953113727     
  0.12614302008622102      -0.61160971920910068     
  0.12662632667658968      -0.61140548796976735     
  0.12710963326695834      -0.61120135581313717     
  0.12759293985732700      -0.61099732273921037     
  0.12807624644769566      -0.61079338874798650     
  0.12855955303806432      -0.61058955383946600     
  0.12904285962843298      -0.61038581801364855     
  0.12952616621880164      -0.61018218127053436     
  0.13000947280917030      -0.60997864361012344     
  0.13049277939953896      -0.60977520503241556     
  0.13097608598990762      -0.60957186553741094     
  0.13145939258027628      -0.60936862512510948     
  0.13194269917064494      -0.60916548379551128     
  0.13242600576101360      -0.60896244154861623     
  0.13290931235138226      -0.60875949838442434     
  0.13339261894175092      -0.60855665430293571     
  0.13387592553211958      -0.60835390930415023     
  0.13435923212248824      -0.60815126338806791     
  0.13484253871285690      -0.60794871655468885     
  0.13532584530322556      -0.60774626880401283     
  0.13580915189359422      -0.60754392013604008     
  0.13629245848396287      -0.60734167055077060     
  0.13677576507433153      -0.60713952004820415     
  0.13725907166470019      -0.60693746862834108     
  0.13774237825506885      -0.60673551629118105     
  0.13822568484543751      -0.60653366303672429     
  0.13870899143580617      -0.60633190886497068     
  0.13919229802617483      -0.60613025377592034     
  0.13967560461654349      -0.60592869776957303     
  0.14015891120691215      -0.60572724084592899     
  0.14064221779728081      -0.60552588300498822     
  0.14112552438764947      -0.60532462424675049     
  0.14160883097801813      -0.60512346457121613     
  0.14209213756838679      -0.60492240397838482     
  0.14257544415875545      -0.60472144246825676     
  0.14305875074912411      -0.60452058004083187     
  0.14354205733949277      -0.60431981669611023     
  0.14402536392986143      -0.60411915243409164     
  0.14450867052023009      -0.60391858725477632     
  0.14499197711059875      -0.60371812115816414     
  0.14547528370096741      -0.60351775414425524     
  0.14595859029133607      -0.60331748621304948     
  0.14644189688170473      -0.60311731736454688     
  0.14692520347207338      -0.60291724759874754     
  0.14740851006244204      -0.60271727691565125     
  0.14789181665281070      -0.60251740531525833     
  0.14837512324317936      -0.60231763279756845     
  0.14885842983354802      -0.60211795936258194     
  0.14934173642391668      -0.60191838501029848     
  0.14982504301428534      -0.60171890974071829     
  0.15030834960465400      -0.60151953355384113     
  0.15079165619502266      -0.60132025644966725     
  0.15127496278539132      -0.60112107842819662     
  0.15175826937575998      -0.60092199948942915     
  0.15224157596612864      -0.60072301963336483     
  0.15272488255649730      -0.60052413886000366     
  0.15320818914686596      -0.60032535716934576     
  0.15369149573723462      -0.60012667456139102     
  0.15417480232760328      -0.59992809103613953     
  0.15465810891797194      -0.59972960659359120     
  0.15514141550834060      -0.59953122123374603     
  0.15562472209870926      -0.59933293495660400     
  0.15610802868907792      -0.59913474776216524     
  0.15659133527944658      -0.59893665965042964     
  0.15707464186981523      -0.59873867062139718     
  0.15755794846018389      -0.59854078067506800     
  0.15804125505055255      -0.59834298981144196     
  0.15852456164092121      -0.59814529803051919     
  0.15900786823128987      -0.59794770533229946     
